50.524109014675055
49.895178197064986
46.75052410901468
53.24947589098532
44.65408805031446
48.63731656184486
48.84696016771488
53.24947589098532
49.895178197064986
45.073375262054505
50.524109014675055
50.104821802935014
56.39412997903564
53.668763102725364
47.16981132075472
51.36268343815514
48.21802935010482
48.63731656184486
53.668763102725364
51.15303983228512
50.314465408805034
50.104821802935014
49.056603773584904
52.20125786163522
50.524109014675055
47.37945492662474
49.895178197064986
46.540880503144656
49.475890985324945
51.15303983228512
51.15303983228512
50.524109014675055
49.266247379454924
48.63731656184486
48.63731656184486
48.42767295597484
50.733752620545076
52.20125786163522
53.668763102725364
